-143	351740
-142	354010
-141	356170
-140	358280
-139	360430
-138	362670
-137	365070
-136	367690
-135	370490
-134	373340
-133	376190
-132	379100
-131	382130
-130	385280
-129	388610
-128	392180
-127	395970
-126	399850
-125	403800
-124	407800
-123	411800
-122	415800
-121	419960
-120	424490
-119	429400
-118	434400
-117	439320
-116	444240
-115	449280
-114	454540
-113	460080
-112	465940
-111	472050
-110	478290
-109	484680
-108	491360
-107	498330
-106	505560
-105	513020
-104	520650
-103	528420
-102	536340
-101	544500
-100	553030
-99	561930
-98	571110
-97	580700
-96	590790
-95	601310
-94	612040
-93	622880
-92	634040
-91	645710
-90	657990
-89	670920
-88	684570
-87	698900
-86	713700
-85	728860
-84	744500
-83	760870
-82	778050
-81	795900
-80	814310
-79	833390
-78	853390
-77	874440
-76	896340
-75	919020
-74	942720
-73	967760
-72	993900
-71	1020800
-70	1048700
-69	1078300
-68	1109800
-67	1142500
-66	1176200
-65	1211700
-64	1249800
-63	1290100
-62	1331600
-61	1375100
-60	1421600
-59	1470900
-58	1522200
-57	1575800
-56	1632500
-55	1692800
-54	1756300
-53	1822800
-52	1893100
-51	1968100
-50	2047800
-49	2131800
-48	2220700
-47	2315900
-46	2417900
-45	2525200
-44	2637700
-43	2757000
-42	2884700
-41	3020800
-40	3165600
-39	3319900
-38	3484000
-37	3658800
-36	3846300
-35	4047200
-34	4261100
-33	4489300
-32	4733900
-31	4994500
-30	5272200
-29	5569500
-28	5885900
-27	6223000
-26	6582600
-25	6964900
-24	7371500
-23	7804400
-22	8263300
-21	8748400
-20	9260600
-19	9798500
-18	10361000
-17	10948000
-16	11556000
-15	12183000
-14	12825000
-13	13479000
-12	14139000
-11	14797000
-10	15446000
-9	16078000
-8	16684000
-7	17253000
-6	17778000
-5	18247000
-4	18651000
-3	18978000
-2	19227000
-1	19423000
0	19614000
1	19849000
2	20157000
3	20542000
4	20991000
5	21485000
6	21995000
7	22482000
8	22901000
9	23190000
10	23321000
11	23316000
12	23208000
13	23022000
14	22766000
15	22446000
16	22071000
17	21642000
18	21153000
19	20611000
20	20032000
21	19424000
22	18786000
23	18124000
24	17455000
25	16788000
26	16127000
27	15477000
28	14842000
29	14226000
30	13630000
31	13054000
32	12501000
33	11969000
34	11460000
35	10973000
36	10508000
37	10065000
38	9643200
39	9242400
40	8863300
41	8504400
42	8162800
43	7836800
44	7526800
45	7232400
46	6952000
47	6684800
48	6431300
49	6192500
50	5967100
51	5752400
52	5547600
53	5353300
54	5169600
55	4995200
56	4828700
57	4670400
58	4520800
59	4378700
60	4242400
61	4111900
62	3987800
63	3870100
64	3757800
65	3650800
66	3548800
67	3451400
68	3358200
69	3268800
70	3183000
71	3100900
72	3022800
73	2947700
74	2875100
75	2805500
76	2739600
77	2676200
78	2614700
79	2555400
80	2499000
81	2445200
82	2392600
83	2341400
84	2292800
85	2247000
86	2202800
87	2159600
88	2118200
89	2078700
90	2040400
91	2003200
92	1967700
93	1934000
94	1901400
95	1869300
96	1838200
97	1808800
98	1780700
99	1752900
100	1725700
101	1699900
102	1675200
103	1651100
104	1627400
105	1604700
106	1583300
107	1562400
108	1541600
109	1521700
110	1502800
111	1484300
112	1466200
113	1449000
114	1432600
115	1416600
116	1400800
117	1385300
118	1370300
119	1355800
120	1341700
121	1328100
122	1314900
123	1302100

