-143	168700
-142	169310
-141	169940
-140	170810
-139	172180
-138	174100
-137	176410
-136	178860
-135	181220
-134	183320
-133	185050
-132	186380
-131	187380
-130	188190
-129	189010
-128	189960
-127	191130
-126	192570
-125	194250
-124	196040
-123	197820
-122	199620
-121	201580
-120	203850
-119	206370
-118	209040
-117	211750
-116	214370
-115	216690
-114	218710
-113	220660
-112	222730
-111	224980
-110	227440
-109	230200
-108	233280
-107	236630
-106	240180
-105	243790
-104	247280
-103	250780
-102	254590
-101	258790
-100	263260
-99	267740
-98	272150
-97	276580
-96	281140
-95	285880
-94	290820
-93	295900
-92	301150
-91	306680
-90	312620
-89	319140
-88	326250
-87	333650
-86	341050
-85	348320
-84	355560
-83	363090
-82	371140
-81	379670
-80	388590
-79	397800
-78	407140
-77	416700
-76	426800
-75	437670
-74	449330
-73	461650
-72	474500
-71	487900
-70	501930
-69	516560
-68	531750
-67	547410
-66	563400
-65	579670
-64	596360
-63	613850
-62	632690
-61	653240
-60	675510
-59	699420
-58	724990
-57	752090
-56	780110
-55	808970
-54	839460
-53	871920
-52	905950
-51	941510
-50	979440
-49	1020500
-48	1064400
-47	1110200
-46	1157800
-45	1208300
-44	1262400
-43	1320100
-42	1381400
-41	1446800
-40	1516700
-39	1591000
-38	1669900
-37	1753800
-36	1843300
-35	1938700
-34	2040400
-33	2148800
-32	2264600
-31	2388700
-30	2521200
-29	2662500
-28	2813300
-27	2973700
-26	3143800
-25	3325000
-24	3518100
-23	3722800
-22	3939800
-21	4170100
-20	4412600
-19	4667000
-18	4933600
-17	5211500
-16	5499600
-15	5797000
-14	6102000
-13	6412100
-12	6724800
-11	7036700
-10	7343900
-9	7641800
-8	7925700
-7	8191200
-6	8432800
-5	8644500
-4	8808300
-3	8968000
-2	9221500
-1	9529600
0	9823500
1	10208000
2	10753000
3	11394000
4	12011000
5	12455000
6	12653000
7	12653000
8	12521000
9	12286000
10	11974000
11	11618000
12	11231000
13	10821000
14	10405000
15	9981500
16	9552300
17	9131600
18	8713900
19	8295000
20	7890000
21	7507900
22	7141000
23	6782300
24	6438200
25	6113800
26	5806900
27	5514000
28	5234700
29	4971600
30	4725100
31	4492600
32	4272600
33	4065100
34	3870300
35	3687000
36	3513900
37	3350600
38	3197700
39	3054300
40	2918400
41	2789700
42	2668700
43	2554100
44	2445700
45	2344700
46	2250300
47	2160600
48	2075200
49	1995000
50	1919100
51	1846900
52	1779100
53	1715500
54	1654500
55	1596200
56	1541900
57	1491100
58	1442300
59	1395400
60	1350800
61	1308500
62	1268200
63	1229700
64	1193400
65	1159200
66	1126000
67	1093200
68	1061200
69	1031100
70	1002800
71	976000
72	950670
73	927020
74	904630
75	882540
76	860990
77	840440
78	820460
79	800730
80	781270
81	762260
82	744090
83	727240
84	711970
85	698190
86	685340
87	672770
88	660360
89	648260
90	636500
91	624960
92	613620
93	602600
94	592090
95	582110
96	572570
97	563140
98	553710
99	544540
100	535860
101	527770
102	520270
103	513230
104	506540
105	500090
106	493790
107	487500
108	481070
109	474610
110	468340
111	462360
112	456630
113	451060
114	445600
115	440280
116	435190
117	430200
118	425370
119	420690
120	416170
121	411790
122	407550
123	403440

