-143	307580
-142	308790
-141	310310
-140	312300
-139	314290
-138	316030
-137	317650
-136	319440
-135	321520
-134	323820
-133	326250
-132	328690
-131	331000
-130	333210
-129	335510
-128	338060
-127	340850
-126	343720
-125	346670
-124	349810
-123	353130
-122	356640
-121	360400
-120	364400
-119	368530
-118	372770
-117	377140
-116	381630
-115	386250
-114	391030
-113	396000
-112	401190
-111	406540
-110	411980
-109	417540
-108	423230
-107	429030
-106	434940
-105	441080
-104	447570
-103	454370
-102	461330
-101	468380
-100	475680
-99	483280
-98	491130
-97	499340
-96	507990
-95	517010
-94	526190
-93	535520
-92	545170
-91	555230
-90	565730
-89	576620
-88	587910
-87	599650
-86	611820
-85	624470
-84	637800
-83	651940
-82	666810
-81	682270
-80	698290
-79	714880
-78	732160
-77	750240
-76	769060
-75	788520
-74	808900
-73	830610
-72	853330
-71	876630
-70	901140
-69	927440
-68	954990
-67	983140
-66	1012500
-65	1043800
-64	1077200
-63	1111800
-62	1147400
-61	1185200
-60	1225800
-59	1268600
-58	1313000
-57	1359400
-56	1408800
-55	1461300
-54	1516200
-53	1573400
-52	1634300
-51	1699500
-50	1768300
-49	1840600
-48	1917400
-47	1999900
-46	2087700
-45	2179800
-44	2276800
-43	2380100
-42	2490200
-41	2607400
-40	2732400
-39	2865100
-38	3006900
-37	3159200
-36	3320500
-35	3492700
-34	3678100
-33	3875000
-32	4084200
-31	4307400
-30	4545800
-29	4800800
-28	5073400
-27	5363100
-26	5671300
-25	6000100
-24	6349900
-23	6721600
-22	7115600
-21	7532400
-20	7972600
-19	8435100
-18	8918400
-17	9423300
-16	9948600
-15	10490000
-14	11044000
-13	11609000
-12	12177000
-11	12743000
-10	13305000
-9	13848000
-8	14368000
-7	14863000
-6	15315000
-5	15706000
-4	16065000
-3	16424000
-2	16809000
-1	17266000
0	17836000
1	18501000
2	19235000
3	20021000
4	20819000
5	21551000
6	22135000
7	22546000
8	22824000
9	22992000
10	23044000
11	22966000
12	22741000
13	22363000
14	21849000
15	21232000
16	20544000
17	19809000
18	19046000
19	18269000
20	17494000
21	16730000
22	15983000
23	15255000
24	14547000
25	13861000
26	13206000
27	12581000
28	11983000
29	11414000
30	10873000
31	10359000
32	9871100
33	9413000
34	8980000
35	8567600
36	8176400
37	7807800
38	7459900
39	7130000
40	6817900
41	6523900
42	6246700
43	5985100
44	5738300
45	5505000
46	5283400
47	5072400
48	4873100
49	4686500
50	4511000
51	4343700
52	4184900
53	4035400
54	3894000
55	3758500
56	3629400
57	3507600
58	3393000
59	3284400
60	3180600
61	3081500
62	2987600
63	2898700
64	2813500
65	2731400
66	2653200
67	2579600
68	2509300
69	2441400
70	2376800
71	2315700
72	2256700
73	2199500
74	2144800
75	2092700
76	2042500
77	1993600
78	1946500
79	1902100
80	1860200
81	1820100
82	1781100
83	1743300
84	1707600
85	1673600
86	1640500
87	1608200
88	1577600
89	1548500
90	1520100
91	1492600
92	1466400
93	1441100
94	1416400
95	1392300
96	1369500
97	1347800
98	1326300
99	1304900
100	1285100
101	1266600
102	1248100
103	1229700
104	1211900
105	1194800
106	1178200
107	1162300
108	1147100
109	1132500
110	1118500
111	1105100
112	1092200
113	1079400
114	1066600
115	1054100
116	1042400
117	1030800
118	1019600
119	1008600
120	997970
121	987680
122	977500
123	967860

