-143	232080
-142	233920
-141	235050
-140	235820
-139	236430
-138	237270
-137	238840
-136	241110
-135	243350
-134	245320
-133	246970
-132	248210
-131	249210
-130	250490
-129	252260
-128	254430
-127	256920
-126	259630
-125	262370
-124	264860
-123	266940
-122	268770
-121	270790
-120	273420
-119	276780
-118	280820
-117	285220
-116	289380
-115	292840
-114	295800
-113	298520
-112	301220
-111	304350
-110	308270
-109	312740
-108	317460
-107	322490
-106	327640
-105	332520
-104	337060
-103	341770
-102	347000
-101	352850
-100	359190
-99	365560
-98	371460
-97	376970
-96	382380
-95	388080
-94	394410
-93	401540
-92	409540
-91	418350
-90	427650
-89	436970
-88	446050
-87	454890
-86	463340
-85	471670
-84	480430
-83	490070
-82	500620
-81	512340
-80	525140
-79	538480
-78	551960
-77	565820
-76	580050
-75	594520
-74	609650
-73	626110
-72	643990
-71	662790
-70	682350
-69	702420
-68	722710
-67	743850
-66	766890
-65	790530
-64	813520
-63	837840
-62	865740
-61	895410
-60	925670
-59	959110
-58	995130
-57	1030700
-56	1066900
-55	1107100
-54	1148200
-53	1189300
-52	1234700
-51	1285500
-50	1336900
-49	1390800
-48	1450700
-47	1514300
-46	1578900
-45	1647700
-44	1722500
-43	1800200
-42	1882000
-41	1971700
-40	2067800
-39	2167500
-38	2274400
-37	2389800
-36	2511700
-35	2641600
-34	2781400
-33	2926400
-32	3081700
-31	3254000
-30	3436000
-29	3623300
-28	3831100
-27	4055100
-26	4285100
-25	4531600
-24	4801700
-23	5080700
-22	5372000
-21	5690000
-20	6024800
-19	6366900
-18	6731200
-17	7117300
-16	7509000
-15	7912500
-14	8335000
-13	8760300
-12	9185300
-11	9618000
-10	10045000
-9	10455000
-8	10847000
-7	11212000
-6	11547000
-5	11840000
-4	12089000
-3	12365000
-2	12693000
-1	13074000
0	13577000
1	14203000
2	14916000
3	15725000
4	16567000
5	17297000
6	17826000
7	18169000
8	18347000
9	18331000
10	18115000
11	17758000
12	17318000
13	16805000
14	16233000
15	15642000
16	15043000
17	14424000
18	13798000
19	13189000
20	12592000
21	11999000
22	11424000
23	10879000
24	10354000
25	9843800
26	9360400
27	8902900
28	8465600
29	8049500
30	7657700
31	7288200
32	6938600
33	6608000
34	6296100
35	6002000
36	5724400
37	5462400
38	5216200
39	4984300
40	4764200
41	4556600
42	4362600
43	4180000
44	4006000
45	3841400
46	3686600
47	3538500
48	3397800
49	3267400
50	3144800
51	3026100
52	2915200
53	2813400
54	2715600
55	2620000
56	2531400
57	2448100
58	2366200
59	2288200
60	2216800
61	2147700
62	2079700
63	2016900
64	1958700
65	1901200
66	1845500
67	1795200
68	1747000
69	1699400
70	1654400
71	1612800
72	1571700
73	1531000
74	1491700
75	1454000
76	1417600
77	1383600
78	1352300
79	1323100
80	1294600
81	1266300
82	1239200
83	1213500
84	1187600
85	1161900
86	1138700
87	1117900
88	1097600
89	1077600
90	1057600
91	1037900
92	1018800
93	1000800
94	984050
95	968310
96	953160
97	938190
98	923190
99	908030
100	892860
101	878160
102	864590
103	852290
104	840930
105	830300
106	819940
107	809280
108	798270
109	787410
110	776870
111	766820
112	757480
113	748790
114	740310
115	731970
116	723670
117	715540
118	707660
119	700030
120	692650
121	685500
122	678580
123	671880

